# id	left	top	right	bottom	texture_id
[SPRITES]
#WALK
31001	4	13	22	30	10
31002	24	13	42	30	10
#HAVE WING
31003	0	102	19	125	70
31004	50	104	69	122	70
31005	100	102	119	125	70
31006	150	104	169	122	70
#WALK NO WING
31007	88	201	103	216	50
31008	104	201	119	216	50


#DIE
32001	44	19	62	30	10
32002	120	208	135	216	50

# ani_id	sprite1_id	time1	sprite2_id	time2	...
[ANIMATIONS]
5000	31001	100	31002	100
5001	32001	100
5002	31004	100	31006	100
5003	31003	100	31004	100	31005	100	31006	100
5004	31007	100	31008	100
5005	32002	100