# id	left	top	right	bottom	texture_id
[SPRITES]
#GREENKOOPA
#WALKING LEFT
120000	0	252	15	277	50
120001	16	252	31	278	50
#ShellIdle
120002	32	249	47	264	50
#ShellMoving
120003	48	249	63	264	50
120004	64	249	79	264	50
120005	80	249	95	264	50
#WALKING RIGHT
120006	207	382	222	408	60
120007	223	382	238	407	60
#SHELL EXIT
120008	32	265	47	280	50



# ani_id	sprite1_id	time1	sprite2_id	time2	...
[ANIMATIONS]
125001	120000	100	120001	100
125002	120002	100
125003	120002	100	120003	100	120004	100	120005	100
125004	120006	100	120007	100
125005	120002	100	120008	100

