# id	left	top	right	bottom	texture_id
[SPRITES]
#####  BIG ###############
#IDLE
11121	246	154	259	181	0
11111	186	154	199	181	0

#WALKING RIGHT
11222	275	154	290	181	0
11223	304	154	321	181	0

#WALKING LEFT
11212	155	154	170	181	0
11213	125	154	140	181	0

#RUNNING RIGHT
11321	334	154	355	181	0
11322	334	154	355	181	0
11323	392	154	413	181	0

#RUNNING LEFT
11311	91	154	112	181	0
11312	65	154	86	181	0
11313	34	154	55	181	0

#JUMP WALK RIGHT
11417	395	275	412	302	0
11413	35	275	52	302	0

#JUMP RUN RIGHT & LEFT
11427	394	195	413	222	0
11423	35	195	52	222	0

#SIT RIGHT & LEFT 
11521	426	239	441	256	0
11511	5	239	20	256	0

#BRACE RIGHT & LEFT 
11621	425	154	442	181	0
11611	5	154	22	181	0
#HOLDKOOPA_LEFT
11701	155	314	169	339	0
11702	125	315	140	340	0
11703	96	314	109	339	0
#HOLDKOOPA_RIGHT
11704	276	314	290	339	0
11705	305	315	320	340	0
11706	336	314	349	339	0
#KICK KOOPA LEFT
11707	35	275	50	300	0
11708	2	274	22	300	0
#KICK KOOPA RIGHT
11709	395	275	410	300	0
11710	423	274	433	300	0

#DIE
13001	215	120	234	137	0

############ SMALL ################
 #IDLE
12121	247	0	260	15	0
12111	187	0	200	15	0

#WALK RIGHT
12222	275	0	292	15	0
12223	306	0	321	15	0

#WALK LEFT
12212	155	0	170	15	0
12213	125	0	140	15	0

#RUN RIGHT
12321	275	0	290	15	0
12322	306	0	321	15	0
12323	335	0	350	15	0

#RUN LEFT
12311	155	0	170	15	0
12312	125	0	140	15	0
12313	95	0	110	15	0

#BRACE RIGHT & LEFT
12511	6	0	19	15	0
12521	426	0	439	15	0

#JUMP WALK RIGHT & LEFT 
12413	35	80	50	95	0
12417	395	80	410	95	0

#JUMP RUN RIGHT & LEFT 
12423	65	40	80	55	0
12427	365	40	380	55	0
#HOLDKOOPA_LEFT
12428	186	120	199	135	0
12429	155	120	169	135	0

#HOLDKOOPA_RIGHT
12430	246	120	259	135	0
12431	276	120	290	135	0

#KICKKOOPALEFT
12432	35	80	50	95	0
12433	5	80	20	95	0
#KICKKOOPARIGHT
12434	395	80	410	95	0
12435	425	80	440	95	0

# ani_id	sprite1_id	time1	sprite2_id	time2	...
[ANIMATIONS]
400	11121	100
401	11111	100

#WALKING RIGHT & LEFT 
500	11121	100	11222	100	11223	100
501	11111	100	11212	100	11213	100

#RUNNING RIGHT & LEFT
600	11321	50	11322	50	11323	50
601	11311	50	11312	50	11313	50

#JUMP WALK
700	11417	100
701	11413	100

#JUMP RUN
800	11427	100
801	11423	100

#SIT RIGHT & LEFT 
900	11521	100
901	11511	100

#BRACE RIGHT & LEFT 
1000	11621	100
1001	11611	100

#HOLDKOOPA_LEFT
1180	11701	100	11702	100	11703	100
#HOLDKOOPA_RIGHT
1181	11704	100	11705	100	11706	100
#HOLDKOOPA_LEFT_IDLE
1182	11703	100
#HOLDKOOPA_RIGHT_IDLE
1183	11706	100
#KICKKOOPA_LEFT
1184	11707	100	11708	100
#KICKKOOPA_RIGHT
1185	11709	100	11710	100

#DIE
999	13001	100

################### SMALL #################
1100	12121	100
1102	12111	100


#WALK LEFT & RIGHT 
1200	12121	100	12222	100	12223	100
1201	12111	100	12212	100	12213	100

#RUN LEFT & RIGHT
1300	12321	100	12322	100	12323	100
1301	12311	100	12312	100	12313	100

#BRACE LEFT & RIGHT
1401	12511	100
1400	12521	100

#JUMP WALK
1500	12417	100
1501	12413	100

#JUMP RUN 
1601	12423	100
1600	12427	100
#HOLDKOOPA_LEFT
1700	12428	100	12429	100
#HOLDKOOPA_RIGHT
1701	12430	100	12431	100
#HOLDKOOPA_LEFT_IDLE
1702	12428	100
#HOLDKOOPA_RIGHT_IDLE
1703	12430	100
#KICKKOOPA_LEFT
1704	12433	100	12433	100
#KICKKOOPA_RIGHT
1705	12434	100	12435	100