# id	left	top	right	bottom	texture_id
[SPRITES]
#Red Piranha
#LEFT_BELOW
100000	128	345	143	376	50
100001	144	345	159	376	50
#LEFT_ABOVE
100002	160	345	175	376	50
100003	176	345	191	376	50
#RIGHT_BELOW
100004	95	475	110	506	60
100005	79	475	94	506	60
#RIGHT_ABOVE
100006	63	475	78	506	60
100007	47	475	62	506	60

#Green Piranha
#LEFT_BELOW
100008	32	345	47	376	50
100009	48	345	63	376	50
#LEFT_ABOVE
100010	64	345	79	376	50
100011	80	345	95	376	50
#RIGHT_BELOW
100012	191	475	206	506	60
100013	175	475	190	506	60
#RIGHT_ABOVE
100014	159	475	174	506	60
100015	143	475	158	506	60

#MELEE PIRANHA
100050	208	475	222	506	60
100051	223	475	238	506	60

# ani_id	sprite1_id	time1	sprite2_id	time2	...
[ANIMATIONS]

#RED Piranha

#IDLE
#LEFT_BELOW
105050	100000	100
#LEFT_ABOVE
105051	100002	100
#RIGHT_BELOW
105052	100004	100
#RIGHT_ABOVE
105053	100006	100

#MOVING
105001	100000	300	100001	300
105002	100002	300	100003	300

105003	100004	300	100005	300
105004	100006	300	100007	300

#GREEN Piranha

#IDLE
#LEFT_BELOW
105100	100008	100
#LEFT_ABOVE
105101	100010	100
#RIGHT_BELOW
105102	100012	100
#RIGHT_ABOVE
105103	100014	100
#MOVING
#LEFT_BELOW
105104	100008	300	100009	300
#LEFT_ABOVE
105105	100010	300	100011	300
#RIGHT_BELOW
105106	100012	300	100013	300
#RIGHT_ABOVE
105107	100014	300	100015	300

#MELEE Piranha
105200	100050	300	100051	300