# list of object assets to load in this scene
[ASSETS]
mario.txt
brick.txt
coin.txt
goomba.txt
cloud.txt
LayerBackGround.txt
SinglePlatform.txt
waterPipe.txt
QuestionBlock.txt
Mushroom.txt
piranha.txt
piranhaBullet.txt
koopa.txt
Leaf.txt
Hud.txt
Button.txt


#
[OBJECTS]
# type	x	y	extra_settings per object type
# type: 0 = Mario , 1 = Brick, 2 = Goomba, 3 = Koopas
# See OBJECT_TYPE constants in AssetIDs.h

# MARIO
0	10	10
#GOMBA
2	330	165
2	528	165
2	828	149
2	878	149
12	938	149


14	555	120

16	1340	75
16	1380	75
16	1420	75
13	1450	75

14	2155	95





#coin
4	1078	86	0
4	1110	54	0
4	1142	22	0
4	1173	-10	0
4	1205	-42	0
4	1334	-154	0
4	1350	-154	0
4	1366	-154	0
4	1478	-122	0
4	1494	-122	0
4	1542	-106	0
4	1558	-106	0
4	1574	-106	0
4	1590	-106	0
4	1622	-122	0
4	1638	-122	0
4	1654	-122	0
4	1670	-122	0
4	1702	-90	0
4	1734	-122	0
4	1766	-106	0
4	1814	-138	0
4	1845	-106	0
4	2197	227	0
4	2213	227	0
4	2181	243	0
4	2229	243	0
4	2229	259	0
4	2197	275	0
4	2213	275	0
4	2229	293	0
4	2181	309	0
4	2229	309	0
4	2197	323	0
4	2213	323	0

#CLOUD

5	1415	-42	15	15	4	53500	53500	53500	1
5	1495	-57	15	15	13	53500	53500	53500	1

5	1575	165	15	15	3	53501	53501	53501	0
5	1590	150	15	15	2	53501	53501	53501	0
5	1605	135	15	15	1	53501	53501	53501	0

5	1671	165	15	15	3	53501	53501	53501	0
5	1671	150	15	15	2	53501	53501	53501	0
5	1671	135	15	15	1	53501	53501	53501	0

5	1511	102	15	15	2	53501	53501	53501	0
5	2264	73	15	15	2	53501	53501	53501	0
5	2264	134	15	15	2	53501	53501	53501	0



# SINGLE PLATFORM #toa do x y tinh theo tam
# các yellow brick
6	312	180	623	15	0	60001
6	856	172	463	31	0	60002
6	1327.5	180	351	15	0	60009
6	1575.5	180	79	15	0	60013
6	1951.5	180	575	15	0	60014
6	2535.5	180	559	15	0	60015
# blue brick
6	2030.5	283	127	191	0	60019
6	2414.5	283	127	191	0	60020
6	2222.5	363	255	31	0	60021
6	2222.5	195	191	15	0	60022
6	2326.5	299	47	96	0	60023
6	2278.5	323	47	47	0	60026
6	2246.5	323	15	15	0	60025
6	2294.5	275	15	15	0	60025
6	2238.5	339	31	15	0	60024
6	2286.5	291	31	15	0	60024
# các solid block
# block1
6	263.5	149	47	47	1	60003
6	295.5	109.5	47	31	1	60004
# block2
6	439.5	149	79	47	1	60005
6	495.5	109.5	63	31	1	60006
6	543.5	77.5	63	31	1	60007
6	559.5	157	95	31	1	60008
#block 3
6	1319.5	157	111	31	1	60010
6	1351.5	125.5	111	31	1	60011
6	1383.5	93.5	111	31	1	60012
6	1343.5	-66.5	63	31	1	60016
# block4
6	2167.5	149	47	47	1	60017
6	2199.5	77.5	47	95	1	60018
# LayerBackGround
#Black
7	983	283.5	1966	192	70099
7	2647	-32	336	416	70100
7	2647	283	336	192	70101
7	2190	283	336	192	70101
# block1
7	303.5	149	31	47	70001
#block2
7	495.5	149	31	47	70002
7	519.5	133	15	15	70003
7	551.5	118	47	47	70004
#block3
7	1391	156.5	31	32	70007
7	1423.5	141	31	63	70008
#block4
7	2207.5	148.5	31	48	70014
#Khoi co
7	79.5	141	127	63	70005
7	912	125	190	63	70006
7	183.5	165	47	15	70009
7	719.5	149	95	15	70010
7	1055.5	149	31	15	70011
7	1207.5	165	47	15	70009
7	1751.5	165	47	15	70009
7	1919.5	149	63	47	70012
7	2415.5	109	95	127	70013
#CLOUD
7	143	42	47	22	70080
7	343	26	31	22	70081
7	663	42	31	22	70081
7	759	74	63	22	70082
#WATER PIPE
8	360.5	134	31	15	3	80001	80002	80002
8	2272	-138	31	15	14	80001	80002	80002
8	2272	149	31	15	2	80002	80002	80002
8	2335	149	31	15	2	80001	80002	80002
8	2110	195	31	15	2	80004	80003	80003
8	2335	195	31	15	2	80004	80003	80003

8	1800	149	31	15	2	80001	80002	80002
8	1871	135	31	15	3	80001	80002	80002
#QUESTION BLOCK
9	183	119	0	0
9	198	119	0	0
9	231	70	0	0
9	246	70	1	0
9	423	86	0	0
9	663	149	2	0
9	711	119	0	0


9	1447	-106	1	0

9	1479	134	2	0


9	1960	165	99	1
9	1975	165	99	1
9	1990	165	99	1
9	2005	165	99	1
9	2020	165	99	1
9	2035	165	99	1
9	2050	165	99	1

9	1975	149	99	1
9	1990	149	99	1
9	2005	149	99	1
9	2020	149	99	1
9	2035	149	99	1

9	1990	133	99	1
9	2005	133	99	1
9	2020	133	99	1
9	2035	133	98	1

9	2103	165	99	1
9	2118	165	99	1
9	2103	149	99	1



#MUSHROOM

#PIRANHA
11	360.5	142.5	1
11	1800	161	3
11	1870	145	2

#TUNNEL
17	2335	210	2
17	2272	-138	1




